1x3
1,1,1
2
2
1x2
1,1
1
2
2x2
1,1
0,1
3
1
4x3
0,1,1
0,1,0
0,1,0
1,1,0
2
1
3x3
1,1,1
0,1,0
1,1,1
3
2
4x3
0,1,0
1,1,0
0,1,1
0,1,0
1
2
3x2
1,1
1,1
0,1
2
2
2x2
0,1
1,1
1
3
2x3
1,1,1
0,1,0
2
2
3x5
0,0,3,0,0
1,1,1,1,1
0,0,1,0,0
4
1
2x4
1,1,1,0
0,1,1,1
2
4
3x4
0,0,3,0
1,1,1,1
0,0,1,0
3
0
4x2
3,0
1,0
1,1
1,0
4
3
4x3
0,3,0
1,1,1
1,1,1
0,1,0
3
5
2x4
3,0,0,1
1,1,1,1
5
1
3x2
0,3
1,1
1,0
2
3
1x5
1,1,1,1,3
1
7
3x3
0,0,3
1,1,3
0,0,1
5
5
2x4
0,1,1,3
1,1,0,0
5
5
1x4
1,1,1,3
3
3
3x4
1,0,0,0
1,1,3,3
1,0,0,0
2
7
4x2
3,0
3,0
1,0
1,1
3
10
2x2
3,3
1,1
5
6
3x3
3,3,0
0,1,1
1,1,0
6
3
3x3
0,3,0
1,1,3
0,1,0
4
5
4x2
1,1
1,3
0,3
0,3
5
10
4x2
3,0
3,1
1,1
1,0
4
7
2x3
0,0,3
1,1,3
6
4
3x3
0,0,3
0,3,3
1,1,0
4
10
3x3
0,0,3
1,3,3
1,1,0
6
8
2x3
3,3,0
0,3,1
6
7
